0.000000 1.000000 1.000000 1.000000
0.025000 0.995050 0.996169 0.989071
0.050000 0.995050 0.990476 0.986320
0.075000 0.987624 0.977444 0.966935
0.100000 0.987624 0.957604 0.945574
0.125000 0.986166 0.939262 0.924180
0.150000 0.975570 0.920851 0.883626
0.175000 0.961486 0.891667 0.838870
0.200000 0.945498 0.859091 0.776372
0.225000 0.937370 0.820990 0.701318
0.250000 0.923219 0.773742 0.582741
0.275000 0.908189 0.717440 0.386459
0.300000 0.899399 0.654492 0.027931
0.325000 0.881713 0.546602 0.000000
0.350000 0.861814 0.369340 0.000000
0.375000 0.840067 0.060808 0.000000
0.400000 0.818974 0.000000 0.000000
0.425000 0.791881 0.000000 0.000000
0.450000 0.766866 0.000000 0.000000
0.475000 0.734884 0.000000 0.000000
0.500000 0.702817 0.000000 0.000000
0.525000 0.665820 0.000000 0.000000
0.550000 0.632306 0.000000 0.000000
0.575000 0.585609 0.000000 0.000000
0.600000 0.509900 0.000000 0.000000
0.625000 0.379352 0.000000 0.000000
0.650000 0.062863 0.000000 0.000000
0.675000 0.000000 0.000000 0.000000
0.700000 0.000000 0.000000 0.000000
0.725000 0.000000 0.000000 0.000000
0.750000 0.000000 0.000000 0.000000
0.775000 0.000000 0.000000 0.000000
0.800000 0.000000 0.000000 0.000000
0.825000 0.000000 0.000000 0.000000
0.850000 0.000000 0.000000 0.000000
0.875000 0.000000 0.000000 0.000000
0.900000 0.000000 0.000000 0.000000
0.925000 0.000000 0.000000 0.000000
0.950000 0.000000 0.000000 0.000000
0.975000 0.000000 0.000000 0.000000
1.000000 0.000000 0.000000 0.000000
