0.000000 0.438359 0.427790 0.426522
0.025000 0.438359 0.427790 0.426522
0.050000 0.438359 0.427790 0.426522
0.075000 0.438359 0.427790 0.414028
0.100000 0.438359 0.411342 0.401975
0.125000 0.438359 0.403760 0.391073
0.150000 0.438359 0.393037 0.375532
0.175000 0.426916 0.381861 0.357845
0.200000 0.418423 0.367268 0.331591
0.225000 0.413794 0.353319 0.300288
0.250000 0.404598 0.332779 0.250721
0.275000 0.396036 0.309221 0.166254
0.300000 0.394199 0.282301 0.012044
0.325000 0.387095 0.236199 0.000000
0.350000 0.379238 0.159917 0.000000
0.375000 0.368592 0.026360 0.000000
0.400000 0.358741 0.000000 0.000000
0.425000 0.348937 0.000000 0.000000
0.450000 0.338587 0.000000 0.000000
0.475000 0.325305 0.000000 0.000000
0.500000 0.311257 0.000000 0.000000
0.525000 0.294944 0.000000 0.000000
0.550000 0.280809 0.000000 0.000000
0.575000 0.259770 0.000000 0.000000
0.600000 0.226519 0.000000 0.000000
0.625000 0.169102 0.000000 0.000000
0.650000 0.028044 0.000000 0.000000
0.675000 0.000000 0.000000 0.000000
0.700000 0.000000 0.000000 0.000000
0.725000 0.000000 0.000000 0.000000
0.750000 0.000000 0.000000 0.000000
0.775000 0.000000 0.000000 0.000000
0.800000 0.000000 0.000000 0.000000
0.825000 0.000000 0.000000 0.000000
0.850000 0.000000 0.000000 0.000000
0.875000 0.000000 0.000000 0.000000
0.900000 0.000000 0.000000 0.000000
0.925000 0.000000 0.000000 0.000000
0.950000 0.000000 0.000000 0.000000
0.975000 0.000000 0.000000 0.000000
1.000000 0.000000 0.000000 0.000000
