0.000000 0.054830 0.064460 0.075188
0.025000 0.054830 0.064460 0.075188
0.050000 0.054830 0.064460 0.063091
0.075000 0.049285 0.053081 0.047733
0.100000 0.047953 0.028693 0.027402
0.125000 0.032298 0.016903 0.017069
0.150000 0.022761 0.014590 0.013696
0.175000 0.016525 0.011811 0.012011
0.200000 0.012817 0.010068 0.009390
0.225000 0.011557 0.007827 0.007224
0.250000 0.009778 0.006204 0.006213
0.275000 0.009220 0.004927 0.004628
0.300000 0.006441 0.003637 0.003806
0.325000 0.005508 0.002520 0.002096
0.350000 0.004662 0.000944 0.001005
0.375000 0.003894 0.000000 0.000000
0.400000 0.002903 0.000000 0.000000
0.425000 0.002410 0.000000 0.000000
0.450000 0.001520 0.000000 0.000000
0.475000 0.001209 0.000000 0.000000
0.500000 0.000000 0.000000 0.000000
0.525000 0.000000 0.000000 0.000000
0.550000 0.000000 0.000000 0.000000
0.575000 0.000000 0.000000 0.000000
0.600000 0.000000 0.000000 0.000000
0.625000 0.000000 0.000000 0.000000
0.650000 0.000000 0.000000 0.000000
0.675000 0.000000 0.000000 0.000000
0.700000 0.000000 0.000000 0.000000
0.725000 0.000000 0.000000 0.000000
0.750000 0.000000 0.000000 0.000000
0.775000 0.000000 0.000000 0.000000
0.800000 0.000000 0.000000 0.000000
0.825000 0.000000 0.000000 0.000000
0.850000 0.000000 0.000000 0.000000
0.875000 0.000000 0.000000 0.000000
0.900000 0.000000 0.000000 0.000000
0.925000 0.000000 0.000000 0.000000
0.950000 0.000000 0.000000 0.000000
0.975000 0.000000 0.000000 0.000000
1.000000 0.000000 0.000000 0.000000
