0.000000 0.036820 0.035799 0.044986
0.025000 0.036820 0.035799 0.044986
0.050000 0.031546 0.030553 0.029585
0.075000 0.022211 0.022752 0.020805
0.100000 0.019885 0.012395 0.011859
0.125000 0.012626 0.007433 0.007490
0.150000 0.008682 0.006280 0.005924
0.175000 0.006456 0.005230 0.005376
0.200000 0.005071 0.004486 0.004240
0.225000 0.004586 0.003540 0.003311
0.250000 0.003865 0.002829 0.002822
0.275000 0.003718 0.002261 0.002126
0.300000 0.002561 0.001697 0.001789
0.325000 0.002213 0.001185 0.000987
0.350000 0.001879 0.000442 0.000473
0.375000 0.001589 0.000000 0.000000
0.400000 0.001219 0.000000 0.000000
0.425000 0.001032 0.000000 0.000000
0.450000 0.000657 0.000000 0.000000
0.475000 0.000521 0.000000 0.000000
0.500000 0.000000 0.000000 0.000000
0.525000 0.000000 0.000000 0.000000
0.550000 0.000000 0.000000 0.000000
0.575000 0.000000 0.000000 0.000000
0.600000 0.000000 0.000000 0.000000
0.625000 0.000000 0.000000 0.000000
0.650000 0.000000 0.000000 0.000000
0.675000 0.000000 0.000000 0.000000
0.700000 0.000000 0.000000 0.000000
0.725000 0.000000 0.000000 0.000000
0.750000 0.000000 0.000000 0.000000
0.775000 0.000000 0.000000 0.000000
0.800000 0.000000 0.000000 0.000000
0.825000 0.000000 0.000000 0.000000
0.850000 0.000000 0.000000 0.000000
0.875000 0.000000 0.000000 0.000000
0.900000 0.000000 0.000000 0.000000
0.925000 0.000000 0.000000 0.000000
0.950000 0.000000 0.000000 0.000000
0.975000 0.000000 0.000000 0.000000
1.000000 0.000000 0.000000 0.000000
