0.000000 0.797127 1.000000 1.000000
0.025000 0.797127 0.821002 0.827586
0.050000 0.797127 0.821002 0.827586
0.075000 0.797127 0.821002 0.827586
0.100000 0.797127 0.821002 0.827586
0.125000 0.797127 0.821002 0.827586
0.150000 0.797127 0.821002 0.827586
0.175000 0.797127 0.820350 0.827586
0.200000 0.797127 0.820350 0.827586
0.225000 0.797127 0.820350 0.818182
0.250000 0.797127 0.815078 0.809859
0.275000 0.797127 0.812098 0.793103
0.300000 0.797127 0.798144 0.769517
0.325000 0.791118 0.785865 0.747500
0.350000 0.786039 0.764034 0.716086
0.375000 0.778401 0.745234 0.661765
0.400000 0.764858 0.722616 0.597080
0.425000 0.752392 0.675208 0.498513
0.450000 0.732673 0.622437 0.374623
0.475000 0.718814 0.540179 0.165406
0.500000 0.697084 0.454078 0.005921
0.525000 0.662692 0.330678 0.000000
0.550000 0.625960 0.122463 0.000000
0.575000 0.576065 0.005614 0.000000
0.600000 0.503398 0.000000 0.000000
0.625000 0.432306 0.000000 0.000000
0.650000 0.336831 0.000000 0.000000
0.675000 0.191939 0.000000 0.000000
0.700000 0.015060 0.000000 0.000000
0.725000 0.005707 0.000000 0.000000
0.750000 0.000000 0.000000 0.000000
0.775000 0.000000 0.000000 0.000000
0.800000 0.000000 0.000000 0.000000
0.825000 0.000000 0.000000 0.000000
0.850000 0.000000 0.000000 0.000000
0.875000 0.000000 0.000000 0.000000
0.900000 0.000000 0.000000 0.000000
0.925000 0.000000 0.000000 0.000000
0.950000 0.000000 0.000000 0.000000
0.975000 0.000000 0.000000 0.000000
1.000000 0.000000 0.000000 0.000000
