0.000000 0.457735 0.392853 0.402346
0.025000 0.375563 0.392853 0.402346
0.050000 0.375563 0.392853 0.402346
0.075000 0.375563 0.392853 0.402346
0.100000 0.375563 0.392853 0.402346
0.125000 0.375563 0.392853 0.402346
0.150000 0.375563 0.392853 0.388790
0.175000 0.375563 0.385001 0.388790
0.200000 0.375563 0.385001 0.388790
0.225000 0.372367 0.385001 0.381194
0.250000 0.372367 0.380922 0.380061
0.275000 0.372367 0.380922 0.371135
0.300000 0.372367 0.372788 0.359815
0.325000 0.369783 0.367843 0.349695
0.350000 0.365051 0.356966 0.337820
0.375000 0.362701 0.347906 0.315562
0.400000 0.354009 0.340087 0.286039
0.425000 0.350032 0.319994 0.241327
0.450000 0.340783 0.297869 0.182189
0.475000 0.334721 0.260683 0.080368
0.500000 0.326007 0.220817 0.002879
0.525000 0.311122 0.161387 0.000000
0.550000 0.296316 0.059758 0.000000
0.575000 0.275352 0.002745 0.000000
0.600000 0.241922 0.000000 0.000000
0.625000 0.209027 0.000000 0.000000
0.650000 0.163413 0.000000 0.000000
0.675000 0.093464 0.000000 0.000000
0.700000 0.007335 0.000000 0.000000
0.725000 0.002786 0.000000 0.000000
0.750000 0.000000 0.000000 0.000000
0.775000 0.000000 0.000000 0.000000
0.800000 0.000000 0.000000 0.000000
0.825000 0.000000 0.000000 0.000000
0.850000 0.000000 0.000000 0.000000
0.875000 0.000000 0.000000 0.000000
0.900000 0.000000 0.000000 0.000000
0.925000 0.000000 0.000000 0.000000
0.950000 0.000000 0.000000 0.000000
0.975000 0.000000 0.000000 0.000000
1.000000 0.000000 0.000000 0.000000
